0 0.6207000603500302 0.9560483870967742 0.03198551599275799 0.03467741935483871
0 0.1216053108026554 0.9290322580645162 0.029571514785757393 0.04032258064516129
0 0.308086904043452 0.9233870967741935 0.0331925165962583 0.041935483870967745
0 0.6557030778515389 0.9262096774193549 0.0356065178032589 0.05403225806451613
0 0.5953530476765239 0.9064516129032258 0.02715751357875679 0.03870967741935484
0 0.8325286662643331 0.8991935483870968 0.028364514182257092 0.05
0 0.7106216053108027 0.9145161290322581 0.058539529269764634 0.0935483870967742
0 0.17954133977066988 0.8568548387096774 0.04043452021726011 0.036290322580645164
0 0.96016898008449 0.880241935483871 0.04828002414001207 0.09112903225806451
0 0.5519010259505129 0.8733870967741936 0.06940253470126735 0.1
0 0.14061557030778515 0.8455645161290323 0.03138201569100785 0.04596774193548387
0 0.3596861798430899 0.8407258064516129 0.03500301750150875 0.04435483870967742
0 0.6342788171394086 0.8120967741935484 0.03138201569100785 0.03870967741935484
0 0.20549185274592638 0.8060483870967742 0.0331925165962583 0.03951612903225806
0 0.07091128545564272 0.7963709677419355 0.04284852142426071 0.042741935483870966
0 0.40464695232347614 0.7959677419354839 0.07302353651176825 0.06935483870967742
0 0.867833433916717 0.7754032258064516 0.036210018105009054 0.04758064516129032
0 0.2742908871454436 0.7721774193548387 0.036813518406759206 0.049193548387096775
0 0.34308992154496076 0.7681451612903226 0.030778515389257695 0.04758064516129032
0 0.6825588412794207 0.7592741935483871 0.03741701870850935 0.042741935483870966
0 0.7806276403138201 0.7637096774193548 0.05491852745926373 0.09838709677419355
0 0.09927579963789981 0.7346774193548387 0.02715751357875679 0.041935483870967745
0 0.13940856970428486 0.7205645161290323 0.026554013277006638 0.03790322580645161
0 0.29511164755582375 0.7149193548387097 0.030175015087507542 0.04758064516129032
0 0.6876885938442969 0.7100806451612903 0.0331925165962583 0.042741935483870966
0 0.22510561255280628 0.7237903225806451 0.07242003621001811 0.0717741935483871
0 0.3946891973445987 0.675 0.026554013277006638 0.03225806451612903
0 0.6496680748340374 0.660483870967742 0.030778515389257695 0.05
0 0.46741098370549183 0.660483870967742 0.044055522027761015 0.08870967741935484
0 0.5850935425467713 0.6237903225806452 0.024743512371756187 0.03467741935483871
0 0.3964996982498491 0.6241935483870967 0.04224502112251056 0.0467741935483871
0 0.8904646952323476 0.6185483870967742 0.0356065178032589 0.043548387096774194
0 0.33977066988533494 0.6366935483870968 0.060350030175015085 0.08629032258064516
0 0.2275196137598069 0.6129032258064516 0.03862401931200966 0.041935483870967745
0 0.28907664453832227 0.5762096774193548 0.030175015087507542 0.04435483870967742
0 0.9073627036813519 0.569758064516129 0.038020519010259504 0.050806451612903224
0 0.24713337356668677 0.5459677419354839 0.022329511164755584 0.037096774193548385
0 0.8648159324079662 0.552016129032258 0.04345202172601086 0.05241935483870968
0 0.8047676523838262 0.5669354838709677 0.04888352444176222 0.08870967741935484
0 0.47404948702474353 0.5221774193548387 0.03198551599275799 0.05403225806451613
0 0.36300543150271575 0.4544354838709677 0.03922751961375981 0.042741935483870966
0 0.660229330114665 0.4213709677419355 0.03862401931200966 0.04435483870967742
0 0.27851538925769465 0.41693548387096774 0.0331925165962583 0.03870967741935484
0 0.19402534701267352 0.4189516129032258 0.038020519010259504 0.042741935483870966
0 0.7797223898611949 0.41451612903225804 0.03379601689800845 0.05
0 0.036511768255884126 0.4012096774193548 0.02715751357875679 0.049193548387096775
0 0.8186481593240796 0.3963709677419355 0.029571514785757393 0.042741935483870966
0 0.07392878696439348 0.39395161290322583 0.024743512371756187 0.03790322580645161
0 0.28183464091732047 0.37338709677419357 0.026554013277006638 0.041935483870967745
0 0.37899818949909475 0.36532258064516127 0.036210018105009054 0.0467741935483871
0 0.14846107423053712 0.33588709677419354 0.03500301750150875 0.03790322580645161
0 0.2833433916716958 0.33225806451612905 0.028364514182257092 0.03387096774193549
0 0.22057936028968014 0.31088709677419357 0.03198551599275799 0.050806451612903224
0 0.07332528666264333 0.2870967741935484 0.030778515389257695 0.03870967741935484
0 0.07332528666264333 0.2620967741935484 0.030778515389257695 0.0032258064516129032
0 0.9432709716354858 0.2608870967741935 0.01931200965600483 0.031451612903225803
0 0.8735666867833434 0.267741935483871 0.02595051297525649 0.05
0 0.3403741701870851 0.2213709677419355 0.060350030175015085 0.06048387096774194
0 0.9490042245021123 0.1967741935483871 0.02595051297525649 0.043548387096774194
0 0.8799034399517199 0.19193548387096773 0.02896801448400724 0.041935483870967745
0 0.5935425467712734 0.18225806451612903 0.024743512371756187 0.03225806451612903
0 0.5549185274592637 0.17096774193548386 0.030778515389257695 0.04032258064516129
0 0.21816535908267953 0.16693548387096774 0.03198551599275799 0.04516129032258064
0 0.46378998189499093 0.1842741935483871 0.07785153892576946 0.08629032258064516
0 0.6581170790585396 0.15443548387096775 0.07543753771876886 0.05725806451612903
0 0.884127942063971 0.1435483870967742 0.045866022933011466 0.043548387096774194
0 0.5485817742908872 0.11935483870967742 0.045866022933011466 0.043548387096774194
0 0.47254073627036813 0.11088709677419355 0.025347012673506336 0.05403225806451613
0 0.708207604103802 0.09032258064516129 0.03922751961375981 0.0467741935483871
0 0.07724803862401931 0.06854838709677419 0.03138201569100785 0.035483870967741936
0 0.3512371756185878 0.06693548387096775 0.03741701870850935 0.043548387096774194
0 0.28455039227519613 0.06290322580645161 0.02715751357875679 0.041935483870967745
1 0.39016294508147253 0.9620967741935483 0.04284852142426071 0.04838709677419355
1 0.971635485817743 0.95 0.025347012673506336 0.05
1 0.0356065178032589 0.9330645161290323 0.03138201569100785 0.054838709677419356
1 0.20941460470730236 0.925 0.03500301750150875 0.05161290322580645
1 0.45624622812311405 0.9161290322580645 0.036210018105009054 0.0467741935483871
1 0.3955944477972239 0.9036290322580646 0.0343995171997586 0.049193548387096775
1 0.7417018708509354 0.8838709677419355 0.03500301750150875 0.0467741935483871
1 0.3059746529873265 0.8786290322580645 0.0687990343995172 0.050806451612903224
1 0.06578153289076645 0.8520161290322581 0.049487024743512374 0.042741935483870966
1 0.44387447193723595 0.8584677419354839 0.036813518406759206 0.05725806451612903
1 0.415811707905854 0.8258064516129032 0.01448400724200362 0.0016129032258064516
1 0.4070609535304768 0.8504032258064517 0.03198551599275799 0.050806451612903224
1 0.24049487024743513 0.8310483870967742 0.0331925165962583 0.04596774193548387
1 0.32136391068195536 0.8237903225806451 0.0343995171997586 0.04596774193548387
1 0.15630657815328908 0.7729838709677419 0.02896801448400724 0.050806451612903224
1 0.7245021122510561 0.7685483870967742 0.028364514182257092 0.04838709677419355
1 0.03952926976463488 0.7044354838709678 0.036813518406759206 0.03790322580645161
1 0.8503319251659626 0.6955645161290323 0.03379601689800845 0.04435483870967742
1 0.955642727821364 0.6991935483870968 0.03922751961375981 0.06774193548387097
1 0.18074834037417017 0.6806451612903226 0.0343995171997586 0.0467741935483871
1 0.6952323476161738 0.6423387096774194 0.03379601689800845 0.04435483870967742
1 0.4140012070006035 0.6173387096774193 0.0012070006035003018 0.025
1 0.15781532890766445 0.6262096774193548 0.036813518406759206 0.04758064516129032
1 0.07091128545564272 0.6024193548387097 0.06578153289076645 0.0532258064516129
1 0.12190706095353047 0.5931451612903226 0.030175015087507542 0.04435483870967742
1 0.6282438141219071 0.584274193548387 0.02896801448400724 0.04596774193548387
1 0.41852745926372964 0.5931451612903226 0.058539529269764634 0.07338709677419354
1 0.4779722389861195 0.5766129032258065 0.026554013277006638 0.043548387096774194
1 0.5615570307785154 0.5705645161290323 0.03198551599275799 0.05241935483870968
1 0.028666264333132168 0.5600806451612903 0.017501508750754374 0.050806451612903224
1 0.23989136994568497 0.5459677419354839 0.0018105009052504525 0.02903225806451613
1 0.2248038624019312 0.5447580645161291 0.022329511164755584 0.03306451612903226
1 0.17863608931804467 0.5524193548387096 0.03862401931200966 0.04838709677419355
1 0.4622812311406156 0.5266129032258065 0.0024140012070006035 0.037096774193548385
1 0.448098974049487 0.5294354838709677 0.030778515389257695 0.042741935483870966
1 0.8204586602293301 0.49959677419354837 0.036813518406759206 0.050806451612903224
1 0.3910681955340978 0.49959677419354837 0.039831019915509955 0.05241935483870968
1 0.6010863005431503 0.4782258064516129 0.039831019915509955 0.041935483870967745
1 0.13578756789378393 0.47419354838709676 0.039831019915509955 0.04032258064516129
1 0.6508750754375378 0.47338709677419355 0.04164152082076041 0.05
1 0.058539529269764634 0.4669354838709677 0.03500301750150875 0.04516129032258064
1 0.7658418829209415 0.46048387096774196 0.03379601689800845 0.04516129032258064
1 0.32739891369945684 0.42983870967741933 0.036813518406759206 0.041935483870967745
1 0.1315630657815329 0.425 0.04224502112251056 0.037096774193548385
1 0.7009656004828002 0.41008064516129034 0.04043452021726011 0.042741935483870966
1 0.3723596861798431 0.40524193548387094 0.03500301750150875 0.03951612903225806
1 0.2371756185878093 0.40403225806451615 0.03379601689800845 0.04838709677419355
1 0.19824984912492455 0.36370967741935484 0.03922751961375981 0.0467741935483871
1 0.676222088111044 0.3487903225806452 0.036813518406759206 0.04435483870967742
1 0.06910078455039227 0.3495967741935484 0.030778515389257695 0.04758064516129032
1 0.7299336149668075 0.3350806451612903 0.0356065178032589 0.05241935483870968
1 0.8663246831623416 0.32903225806451614 0.0356065178032589 0.054838709677419356
1 0.10500905250452625 0.31451612903225806 0.03500301750150875 0.043548387096774194
1 0.8289076644538322 0.28911290322580646 0.0343995171997586 0.050806451612903224
1 0.7779118889559444 0.24637096774193548 0.032589016294508145 0.04435483870967742
1 0.1756185878092939 0.2467741935483871 0.04103802051901026 0.04838709677419355
1 0.828002414001207 0.23870967741935484 0.03862401931200966 0.04838709677419355
1 0.27579963789981893 0.23508064516129032 0.03379601689800845 0.04596774193548387
1 0.7344598672299336 0.2435483870967742 0.053108026554013275 0.0935483870967742
1 0.5178032589016295 0.18911290322580646 0.036210018105009054 0.05241935483870968
1 0.7815328907664454 0.1870967741935484 0.032589016294508145 0.0532258064516129
1 0.1324683162341581 0.17298387096774193 0.0343995171997586 0.03790322580645161
1 0.11013880506940253 0.17298387096774193 0.004224502112251056 0.03790322580645161
1 0.8412794206397103 0.17137096774193547 0.02896801448400724 0.04596774193548387
1 0.9293904646952323 0.1375 0.04345202172601086 0.06048387096774194
1 0.8029571514785757 0.10241935483870968 0.030778515389257695 0.043548387096774194
1 0.3123114061557031 0.10564516129032259 0.036813518406759206 0.05
1 0.40223295111647556 0.09717741935483871 0.038020519010259504 0.042741935483870966
1 0.028062764031382016 0.09153225806451613 0.016294508147254073 0.04435483870967742
1 0.8533494266747134 0.09516129032258064 0.02776101388050694 0.0532258064516129
1 0.14785757392878696 0.10483870967741936 0.04103802051901026 0.0935483870967742
1 0.9701267350633676 0.08669354838709678 0.028364514182257092 0.06048387096774194
1 0.46650573325286665 0.050806451612903224 0.036210018105009054 0.04032258064516129
1 0.5117682558841279 0.05241935483870968 0.04224502112251056 0.0467741935483871
1 0.7423053711526856 0.049193548387096775 0.03500301750150875 0.0467741935483871
1 0.8150271575135788 0.04758064516129032 0.0356065178032589 0.05
1 0.9182257091128545 0.03508064516129032 0.04043452021726011 0.031451612903225803
1 0.3687386843693422 0.029838709677419355 0.04224502112251056 0.020967741935483872
1 0.27851538925769465 0.028629032258064516 0.044055522027761015 0.018548387096774192
1 0.11888955944477972 0.03306451612903226 0.030175015087507542 0.027419354838709678
2 0.5971635485817743 0.7983870967741935 0.04043452021726011 0.0532258064516129
2 0.14031382015691007 0.5278225806451613 0.04284852142426071 0.06048387096774194
2 0.8605914302957152 0.48104838709677417 0.039831019915509955 0.06048387096774194
2 0.8741701870850935 0.39798387096774196 0.05250452625226312 0.07016129032258064
2 0.03711526855763428 0.31088709677419357 0.030778515389257695 0.07983870967741935
2 0.9381412190706095 0.25201612903225806 0.0030175015087507543 0.00564516129032258
2 0.9381412190706095 0.2318548387096774 0.0030175015087507543 0.02661290322580645
2 0.9393482196741099 0.1967741935483871 0.0006035003017501509 0.035483870967741936
2 0.9197344598672299 0.21088709677419354 0.039831019915509955 0.08790322580645162
2 0.7350633675316838 0.1532258064516129 0.04224502112251056 0.0467741935483871
2 0.06819553409776705 0.19879032258064516 0.09414604707302354 0.13790322580645162
